mazes=12

cars=8
car=0,1,1,2
car=0,1,0,0
car=0,1,4,4
car=0,0,0,4
car=1,0,0,1
car=1,0,3,1
car=1,0,5,0
car=1,1,2,5

cars=6
car=0,1,1,2
car=0,1,1,3
car=0,0,1,4
car=0,1,2,5
car=1,0,3,2
car=1,0,5,3

cars=12
car=0,1,0,2
car=1,0,0,3
car=1,0,4,2
car=1,1,1,3
car=0,1,4,0
car=0,1,4,1
car=0,0,5,2
car=0,0,5,4
car=0,1,2,0
car=0,0,3,1
car=0,0,2,4
car=0,0,1,0

cars=8
car=0,1,1,2
car=0,1,1,0
car=0,0,2,3
car=0,0,5,4
car=1,0,0,0
car=1,0,3,0
car=1,1,3,3
car=1,1,2,5

cars=12
car=0,1,2,2
car=0,1,2,3
car=0,1,0,0
car=0,1,0,5
car=0,1,4,1
car=0,1,4,4
car=0,0,0,2
car=0,0,1,2
car=0,0,4,2
car=0,0,5,2
car=0,0,2,0
car=0,0,2,4

cars=8
car=0,1,2,2
car=0,1,2,3
car=0,1,3,0
car=0,0,1,2
car=0,0,2,0
car=0,0,4,1
car=0,0,4,3
car=1,1,1,4

cars=7
car=0,1,1,2
car=0,1,0,0
car=0,0,2,0
car=1,0,3,0
car=1,0,0,1
car=1,1,1,3
car=1,1,3,5

cars=13
car=0,1,1,2
car=0,1,0,0
car=0,1,0,1
car=0,0,2,0
car=0,1,4,0
car=1,0,5,1
car=1,0,0,2
car=0,0,4,2
car=1,1,1,3
car=0,0,1,4
car=0,0,3,4
car=0,1,4,4
car=0,1,4,5

cars=12
car=0,1,0,2
car=1,1,0,0
car=0,0,3,0
car=1,0,2,1
car=0,1,4,1
car=0,0,0,3
car=0,0,1,3
car=0,1,3,3
car=1,0,5,3
car=1,1,2,4
car=0,1,0,5
car=0,1,2,5

cars=11
car=0,1,1,2
car=0,0,0,2
car=0,0,3,1
car=0,1,0,0
car=0,1,4,1
car=0,1,3,3
car=0,1,0,4
car=1,0,2,3
car=1,0,5,2
car=1,1,3,0
car=1,1,3,5

cars=12
car=0,1,0,2
car=0,0,1,0
car=0,0,0,3
car=0,0,3,4
car=0,0,4,4
car=0,1,4,0
car=0,1,1,3
car=0,1,3,3
car=0,1,1,4
car=1,0,2,0
car=1,0,5,2
car=1,1,0,5

cars=12
car=0,1,0,2
car=0,1,2,4
car=0,1,0,3
car=0,1,2,5
car=0,1,3,3
car=0,0,2,0
car=0,0,0,4
car=0,0,2,2
car=0,0,1,4
car=0,0,3,1
car=1,1,3,0
car=1,0,5,2

